1554909993 21.25
1554910902 21.31
1554910910 21.44
1554910919 21.62
1554910927 21.75
1554910935 21.81
1554910943 21.87
1554910952 21.94
1554910968 22.00
1554910976 21.94
1554910985 22.00
1554910993 22.00
1554911001 21.94
1554911009 22.00
1554911018 21.94
1554911026 21.87
1554911059 21.81
1554911092 21.75
1554911117 21.69
1554911166 21.62
1554911207 21.56
1554911257 21.50
1554911265 21.50
1554911273 21.50
1554911282 21.50
1554911290 21.50
1554911298 21.50
1554911306 21.50
1554911315 21.44
1554911323 21.50
1554911331 21.44
1554911389 21.37
1554911397 21.44
1554911405 21.37
1554911438 21.44
1554911447 21.37
1554911589 21.31
1554911597 21.37
1554911606 21.31
1554911638 21.37
1554911647 21.31
1554911663 21.37
1554911671 21.31
1554911810 nan
1554912002 21.31
